97 6791 202 4506 8410 3671 3120 9616 438 7340 4132 9691 1713 3839 2072 5163 2932 5404 602 5316 270 8129 7060 5427 2735 7127 2939 3376 7866 4807 7376 5855 1139 1044 5323 13 1033 8733 2467 3885 7134 2103 4254 2172 768 9653 6063 6890 5266 8280 3189 4101 3809 8756 9404 6844 902 3268 7548 2917 1289 7836 873 9952 7981 6892 9342 2377 9516 8448 8769 954 2867 261 229 9375 284 943 7174 9045 1596 3670 5543 4809 5549 2367 2315 5765 517 3451 5685 5696 851 5736 9563 7013 1190 6138
106 6541 3373 9396 8048 1001 1930 281 4750 8089 3653 98 4123 2394 7663 2151 7352 3058 4645 4963 1830 2292 133 7491 4420 553 130 1606 3845 298 5039 2264 373 6698 5085 8502 1134 1653 3651 8940 7025 9641 9910 1017 9018 415 9009 5500 2277 3749 2451 6575 4165 6147 5476 3616 4120 1104 3859 154 9162 1643 2342 6691 1380 4599 1278 6056 4003 8288 4242 4859 4149 823 5964 7027 2824 1221 4312 5008 8173 3575 2218 8745 5699 8464 6886 2603 1623 3481 509 8157 9398 3368 2357 2988 8421 176 9831 8492 4659 9750 1012 2426 7562 4057 2287
82 7533 8069 5809 5858 7166 1649 8857 4870 5775 180 5945 4479 1219 9213 2453 1214 3687 563 8814 9704 5502 5497 275 1147 2895 7329 6931 3452 4620 2489 5184 6324 9585 7586 6610 1140 5396 8696 9216 8611 8600 6778 2088 5739 1897 9088 2785 528 7898 4170 4894 5557 3787 7235 4169 9739 1743 9235 2894 4364 8420 7186 5959 1661 7217 7325 123 8980 5046 3109 8761 7309 9098 2393 3215 952 6881 340 4500 3137 2792 3715
98 22 7090 3110 190 5760 1218 7036 9474 2728 9458 8927 4163 4803 8017 9401 1404 6218 1522 8880 1905 6261 2781 5905 9696 493 1960 4286 1626 590 5580 8726 6643 9494 580 1449 3003 8787 1019 5116 3891 4862 3060 3065 1174 713 584 7651 4486 7875 1301 9050 4897 5987 2192 4632 7707 2290 7 5634 6470 538 5485 9207 2749 8715 4275 9104 4903 6480 2768 5625 9487 7022 7838 3903 8034 7373 9720 6635 7415 3340 3254 2084 9904 789 4109 4761 9123 9622 1528 4335 2351 9711 8328 6325 8618 1268 7454
87 3910 386 6127 8732 1405 2349 8768 7214 9259 8692 1304 3238 9486 5842 1262 4354 4983 5585 7646 3561 9368 3389 747 3980 2904 1381 1345 3111 8956 5264 5668 356 5373 690 809 4709 2407 4491 2612 6818 6438 8382 7008 3164 6583 852 7091 9574 6474 7483 9821 7015 1270 8211 9770 3130 1524 8892 2843 321 8716 5838 9995 4781 1591 2007 2135 7612 5588 32 4948 3594 2164 1073 4432 3217 1628 5593 9785 2508 1987 238 3187 9095 5912 2170 592
83 3728 3937 7635 43 1884 1272 1463 714 6806 2008 4805 5621 6579 6164 2494 8378 1962 2839 5291 502 2200 6355 9286 7419 7673 9799 4829 2299 2356 7304 2784 2406 2378 8193 3002 7023 4643 9889 8617 4731 4020 5154 572 786 5473 5686 1874 467 7780 4514 2132 6181 1894 9856 755 8126 9731 6908 4302 8156 5911 3756 3094 9450 636 758 694 9511 7466 7054 6749 9614 8487 9520 5523 8870 6428 2282 2234 8825 6184 9012 1792
112 3739 3115 2682 8291 7259 4990 9654 5378 9021 820 2463 5118 4646 5520 6874 3176 7429 638 2946 5274 9926 4036 7614 7344 2148 3385 8530 8846 7271 2289 3510 9650 7670 9630 2586 2531 4419 2313 892 7538 3702 6211 8619 9217 978 707 599 4716 6946 3750 3279 548 4754 8785 7712 9311 4629 4969 9455 7071 1789 9878 5569 2343 1904 8776 8028 4572 9443 2422 8760 3459 353 7076 3235 3904 6974 2858 797 487 9153 9109 1361 792 4153 3814 2556 3057 785 8438 718 9479 9645 8538 51 7343 1251 9527 2734 7608 3877 3619 7629 1346 1604 8589 1589 5141 3054 29 6165 1430
101 1384 4389 7512 4753 478 1282 9360 1650 4371 8706 2317 6491 1099 9387 4537 9708 39 6019 1401 4205 1424 7388 5411 1980 4111 2976 7486 1032 7227 7079 6926 4049 8629 1420 956 2059 469 794 3646 5059 6416 7872 8002 5766 9734 394 7575 8599 3578 5594 9288 745 8294 2300 2055 6460 4072 7302 4933 3919 4323 3346 1901 2255 5590 6851 615 2882 5631 9784 542 8455 4802 6647 8634 6194 6479 5180 7987 5099 2079 8006 6736 5209 3735 3097 1732 6044 4314 6196 1615 145 7117 2388 9449 2953 887 3851 9057 3775 6281
97 1762 4217 4035 3345 7544 855 3454 5821 4851 6826 1796 1006 9448 1634 8174 4176 1654 9115 3153 9194 7456 1074 2873 169 4749 8308 5339 7043 8912 6188 3878 9876 1695 299 3104 306 9863 8182 7412 9247 3691 1079 1297 697 5327 2149 1714 5062 8725 3069 9498 728 4320 1948 1339 8639 6450 2659 3353 1063 4908 5932 3605 3400 8162 2144 6220 6603 46 2031 1887 8533 7807 3962 877 9957 8469 1530 6648 4281 7485 2995 9197 4970 2497 2819 6153 573 5618 4715 8447 9591 9037 5452 1675 9514 7312
91 1582 2355 5930 9233 7738 2892 9606 771 9130 3494 9246 6012 2762 8053 1834 9964 945 4924 3105 1482 4075 8100 6865 595 9435 3821 9651 7094 8434 5225 7658 4338 2443 4981 7178 8840 7931 9924 3559 9015 8242 9210 6046 1156 5341 2786 4267 4691 2608 3622 1450 8036 8178 2761 3220 1553 1326 5627 2204 583 4656 9218 5103 4748 4780 4134 119 679 3514 4796 4542 5020 1627 2473 7994 7943 9982 5510 9330 3367 5081 4852 7356 6724 4336 0 6549 7983 4854 1128 1867
101 4513 6097 4359 8014 4236 8865 7173 2440 5540 7528 827 8968 8319 2535 189 5401 1164 3227 312 9430 5364 2500 9 5950 4739 3777 672 849 472 6251 4726 8872 5278 8401 9824 4662 859 9736 6304 1936 8279 181 3795 6496 7946 8320 2328 2567 114 5346 3356 2208 9013 6310 496 4538 6964 800 1393 8111 8082 2146 2337 7592 9888 7814 3672 2872 6928 9741 6080 4923 6680 7112 547 477 7260 9438 1870 4932 1446 135 9478 3681 7039 8855 3384 166 7261 5332 9914 307 3436 3583 1691 3966 6769 9695 7821 4421 2967
82 9421 2154 9456 3601 5785 8146 7749 8084 7481 6571 6936 4825 2595 9020 5756 2448 2949 3765 5441 7347 9209 2740 3410 8858 2347 8985 1022 4553 3486 4657 9270 4130 3471 8573 7675 4790 5382 4287 4965 6742 8693 139 2245 4270 5597 6498 2561 684 5988 6657 1536 4263 1698 239 9290 8132 8911 1371 7278 9420 7873 2345 2516 280 863 4375 3897 4899 8180 6045 5605 3287 7149 1952 2973 9108 7338 4327 1087 7128 2250 7002
92 3323 3061 4940 9334 4133 4429 986 7359 9427 1750 8039 1552 9260 8526 6016 8023 5272 3344 5144 6173 3032 1975 1103 7504 1330 4232 7868 929 5745 7018 5524 5533 8257 6978 1576 4402 7909 7803 6588 4666 4442 1236 2828 8557 6740 61 83 203 1632 544 342 6586 2296 7138 9887 5414 4382 2685 3567 3269 4066 6699 349 1680 1800 3803 3920 4685 1494 7585 4024 6312 9545 9462 2605 3228 8668 2133 7720 5356 1708 567 7656 6123 1620 8201 2268 2931 5759 6021 8212 1784
109 3271 3144 7237 2246 57 2115 3663 4692 4520 7640 5120 4214 2239 5744 7073 2696 4032 6126 8561 744 1882 4333 7882 9769 5746 2105 1559 7437 6075 8449 8848 6945 7130 9241 802 3107 8903 3669 665 2437 7561 7163 1 7819 5574 6952 2542 3364 6091 5513 8477 6876 4014 5253 4175 1379 806 7096 3547 7515 1898 9005 6272 6087 5379 2660 8965 8403 9987 8957 2454 861 8027 488 5626 3221 8092 3322 8511 4512 6977 9895 1331 5011 6863 2564 6157 269 995 5522 7315 7590 7742 2065 9915 1388 746 4663 1387 2506 461 729 6360 9598 3609 6203 9974 3592 7471
104 8916 2763 5386 9567 2171 7641 7349 1595 7969 6822 6111 3412 7880 221 6226 1016 7703 4318 1806 8272 9767 876 5678 5869 4598 4678 555 6666 6891 838 9907 8205 4157 4867 5101 5989 7427 6884 1647 8596 5682 7198 8207 9257 4601 4171 9771 3405 1974 4521 8936 2231 8251 1455 6847 7896 1631 2028 9051 5025 630 790 4788 6973 8062 8672 2925 3489 480 8166 8975 8480 886 617 628 9371 8522 734 7255 3475 7049 7560 4824 161 4080 3519 9440 4145 1663 6591 5019 8273 5975 4794 7588 5949 1220 1168 9823 6963 1484 8351 460 1191
93 2097 9963 6833 7204 9787 8885 1788 6809 7752 511 6439 1400 6149 1986 2253 34 3488 4118 814 3128 7418 2061 2152 9188 4956 7971 1064 4000 1838 554 1127 9221 9321 6259 1893 7521 7620 2817 8734 8292 6398 5620 8409 1000 4628 8955 384 3766 4853 8847 4246 858 1972 6031 4618 2266 7695 6846 3188 2576 7411 8386 8218 9203 5748 422 8009 1114 7563 9143 9782 7961 8154 8443 8236 4469 241 9742 4729 2812 3527 2767 6702 5013 6336 7029 9932 1996 9903 7916 1931 7434 1517
110 1083 6795 6875 494 723 2468 9586 5456 7296 2005 6152 255 513 7323 6136 9469 8415 9348 8721 8821 3664 566 6306 3563 110 8770 941 8 6159 9352 6526 8317 6929 950 5375 7992 4849 3570 5707 908 210 1873 7649 379 8085 6298 6634 5788 7889 515 3512 6799 6625 650 3945 693 9351 8424 393 1377 6557 2293 9933 6448 1735 7976 8960 891 759 3889 5412 4059 6353 3293 7103 2706 1109 2113 3730 4518 6013 4346 6996 3307 4727 2950 9390 641 5635 5679 4253 7031 1849 1622 8361 5866 9385 2401 603 1150 5450 6020 7776 2243 5571 4197 1611 4365 6175 4119
80 1963 7532 2588 1198 1578 6687 8191 7095 4056 6099 103 2123 951 6780 900 2923 3131 141 7371 291 7249 9528 3291 1718 9845 9338 4909 2157 4087 5376 9618 8559 1290 1823 4858 3476 7129 975 1248 2336 9460 6163 2116 798 1075 9046 7139 3377 6010 3264 9201 6124 6841 3589 347 9597 4623 7442 7793 3638 1912 375 1294 4374 8646 7977 223 4005 8261 4283 464 7394 915 6452 9536 3136 7925 1724 7892 7748
85 7859 6440 8518 9809 38 813 6542 824 6373 5026 1642 2196 2042 6411 9690 7451 5326 8497 4625 8594 527 136 9921 6246 3673 5357 8363 3339 5337 1624 6183 5151 5068 8276 3869 4880 5773 8405 3579 8426 5552 895 1020 5800 4054 7691 3381 5591 9442 3636 5311 3778 4079 2404 2919 2864 1574 8816 3668 8664 775 6338 9406 1305 5675 4776 3240 3759 7464 2598 7493 6903 1791 9114 7945 671 3969 500 2180 9214 2529 343 5370 2557 144
82 4649 8087 2396 1285 7520 6085 129 8485 3899 9468 4535 594 2802 2684 4481 3231 1723 1129 7870 6314 9578 5942 2271 3985 8665 7047 5094 724 5196 1798 2732 4289 9326 4235 2717 6102 8012 3415 7146 6406 1137 2386 2578 9381 3434 4505 1493 8269 2544 3119 7378 2912 1810 6381 6421 9848 4902 3317 7500 3125 9489 9557 3464 8499 6067 8220 1600 7294 5305 2173 3014 3930 4568 3855 706 2244 3926 5324 9608 6788 7333 7733
95 4002 9880 6195 7842 3195 4725 1646 2309 9605 252 7840 400 5417 7028 4865 9617 434 574 2176 8507 2431 4400 3275 8720 4299 1886 6070 2178 1013 4309 5161 7085 4942 894 2417 2845 9576 4833 7929 2360 577 165 7162 2168 3185 152 8371 4345 6824 9072 680 163 8971 6168 5461 1432 9619 5110 830 7003 5881 9091 3009 8707 6374 4182 3686 5392 5449 5659 8638 1115 5904 9762 8806 7402 1389 8369 2989 9423 8488 2274 5535 4241 3944 286 1485 963 1200 1700 7797 6422 3551 8118 8986
94 1490 7393 2485 3805 6017 4822 5315 4735 7995 7318 8571 7672 7246 7998 8250 4812 4216 1537 2484 6356 421 6814 4930 3545 5189 3017 2987 240 4162 2865 6697 9324 3296 96 1924 6065 8008 9058 5433 2439 6415 9282 4545 4563 7355 9399 1793 8735 24 7017 9999 5847 4931 1909 7151 5561 9353 7715 8575 5423 9862 6130 115 9102 2175 8882 7316 8143 805 784 9715 505 667 815 5261 3798 5742 5722 1216 3495 4587 1577 9530 324 7820 1373 9902 3610 9972 9093 5202 6608 964 3773
86 9319 2232 4957 5014 1863 8072 1807 490 3473 5966 6435 958 1871 77 8466 5016 2669 3957 3611 9998 3386 1816 7669 9703 1035 1171 302 6058 7030 9223 710 2006 5833 4828 9451 6433 9211 117 5546 8829 6436 8552 960 6092 2525 9121 1411 9366 7254 2090 7203 8874 2789 5825 4974 1993 4769 8952 1707 9128 2104 4913 7926 881 7861 9078 6897 2878 9140 9364 4355 4088 6918 6632 3786 4081 4779 5875 4103 3233 5366 2279 5257 2522 9949 5692
112 7264 9316 5343 6330 5385 6676 3518 3354 1466 3874 4827 6745 3288 3370 3158 5732 4465 4839 1994 5424 8121 1312 869 2635 6488 4390 5294 6041 262 7886 5244 5656 3319 2460 3648 947 9244 4648 3933 6912 8949 977 9525 9702 9424 4504 2800 8377 4736 243 5444 80 3123 4713 5850 2478 4874 6562 232 5548 8987 549 3310 4515 5491 9285 2900 561 7040 2879 1748 9733 4941 4550 7514 3030 4696 1235 6942 1255 3685 7250 8532 1689 3207 5804 9539 7618 7320 2385 453 9292 8843 867 7834 1746 6382 9566 7256 4885 233 4694 5286 9436 3020 3967 2537 4166 1614 3905 7461 7508
84 1780 6605 4106 1402 4067 8669 2258 7505 3330 1406 5477 8105 4635 4026 8324 6029 3789 7088 5289 4431 5845 8615 2483 8919 7141 5403 1941 4184 6210 5455 5839 2327 8462 3155 4927 7158 516 4610 8999 6789 7747 539 7213 7298 6202 481 4638 8773 1781 9002 1757 7244 3974 2230 4746 7321 3403 9306 9085 6505 2507 3222 382 7253 770 5601 3021 2980 2707 6077 105 5973 6354 6301 1414 1764 7808 540 149 151 1496 3827 6768 8606
90 5197 7787 2633 2825 2326 4551 4597 9107 4051 826 7277 1705 6611 7818 1917 8065 2708 7763 9110 4091 8164 3205 5483 7573 7907 88 5271 587 1065 2075 7216 5617 8171 6362 7207 4457 9607 3838 3738 604 8871 937 5726 7680 2272 4271 8107 9407 596 1603 5878 1056 5503 6139 2304 2524 244 4172 4978 4791 5474 4196 398 1717 2837 9167 6392 9183 7410 3993 5087 7324 5976 7914 9766 3210 997 2779 7346 1284 2014 4009 7387 5567 7425 2361 11 3954 9976 7143
105 4093 7551 278 536 1896 4031 8775 9988 3080 9939 7835 780 5995 6245 9727 6500 7202 2235 5481 9426 1206 3444 6879 4121 4857 237 530 4758 4911 3472 1037 1070 1188 3913 2924 7490 4844 4152 696 7341 7497 4573 1521 7952 2625 7765 9403 2951 8811 3963 5320 6785 5827 2071 618 2671 8886 7794 4492 7911 4387 2334 835 2222 5880 9798 6158 3722 1059 9923 8737 7489 8422 2833 9301 1007 7145 3230 8210 3387 2197 2703 5740 6209 1997 3192 253 6669 9506 9112 7568 1803 5388 8398 7541 8946 7577 8587 8868 8199 7746 8316 3614 1009 1765
99 7034 3526 4141 7045 9405 6850 4480 8042 2675 1548 934 4921 1368 1158 213 1309 7674 5111 4201 3159 7556 4369 6502 316 6349 3303 8651 625 7713 435 1141 5314 4951 7266 7154 5405 6937 2956 9556 2213 6076 8215 9774 8400 8647 9175 8431 980 2190 1811 8241 7815 4502 99 8114 5292 5701 3973 9814 6216 6663 3799 1933 7989 8950 206 8417 8648 388 7405 7005 2966 9534 7645 9275 2189 3418 5109 9372 8457 6901 1597 6694 9492 8396 4728 486 4193 6707 7180 4461 7982 2325 7567 2835 7923 6615 9470 865
98 3048 9853 6672 7336 8187 6995 1098 2736 3277 3530 9289 9472 1311 5295 1122 7557 2442 8841 4407 8994 8610 3916 7107 7906 3955 7120 7494 1471 6115 3432 611 3181 279 2562 1814 3443 5210 8844 1664 9151 7055 6630 2030 1307 5674 108 1819 4282 9400 6264 6321 7061 3478 9794 2722 8749 8719 5611 5819 406 4030 7625 8709 3873 9062 2806 1343 366 5241 7939 3099 1918 4060 5399 4689 3355 4274 9134 6727 1612 7215 4567 2376 292 5999 3398 523 8583 9640 9166 3996 8713 1256 2341 3936 457 6927 9179
107 5199 5024 6106 4584 6520 3676 7858 205 5234 2782 3100 4559 6754 9522 4561 4860 9268 992 3214 224 2808 4331 7257 4292 2405 2402 336 1413 8021 7921 8884 6622 2476 4347 2902 927 9517 8902 557 3337 8607 2183 3517 7668 3797 7363 3179 9984 8842 2751 432 6726 5325 1940 1777 5929 76 8920 6039 6949 9875 3388 3587 1978 491 8612 3717 3039 6889 2446 3015 6375 8225 1428 3755 6877 8219 7587 4778 5259 6224 2179 1702 7758 6026 4096 7655 1560 9475 5990 9828 6172 7476 9273 1690 8478 1319 678 2991 6957 3901 1131 7375 9925 5596 1672 5268
100 6082 4022 6984 2438 9783 2129 6819 9512 1351 2160 6715 648 4693 9559 2679 6268 7357 4724 6636 368 6813 5578 1453 556 484 8505 3067 6667 259 8967 7379 8289 6802 4953 2552 3059 6204 850 5117 2695 8070 5711 7830 126 157 833 4893 3882 2866 2702 9879 2477 5643 87 9663 993 8061 5802 7890 5863 4741 4680 2259 1769 7904 6770 9744 9016 1602 5662 4751 7572 8058 7851 9165 1152 5056 9723 9261 8425 1165 543 2138 1712 4508 319 3631 9793 8206 1212 5041 9816 7657 6518 4647 6396 3357 4219 2655 2592
94 8888 2622 7137 501 2572 533 6265 4843 5695 5174 3241 7184 4961 6219 3695 8238 9634 9802 8235 2161 5153 2295 7823 8399 2186 1610 2818 9944 7596 5791 9249 5215 3286 6459 7565 4189 2714 3225 7232 297 5896 8267 4823 7384 2275 3562 8553 1078 7399 8309 3219 1375 4622 41 8728 7496 8314 4664 44 1773 4637 146 9800 720 3596 3406 9180 9927 3036 3637 2381 7781 7854 2528 4935 4987 3224 338 2082 4919 8798 3710 8233 8767 3497 4915 7856 7133 2670 7303 6515 9890 3289 4328
94 3706 7080 1795 1041 9637 8881 2432 5527 7628 1950 4125 6429 6364 750 4845 1476 2297 5515 6208 234 5009 5914 4992 4934 132 1028 503 9713 5430 1281 2811 779 7283 7479 4258 6453 4262 5429 5684 4352 1519 8838 5310 2310 3757 9099 8003 4444 1407 6709 8567 5676 3051 5132 4159 4137 4947 9281 8910 1947 8819 3480 5568 3521 5517 7042 5507 5902 5637 8520 4653 8439 2698 4069 413 8287 3169 9751 5160 5173 7518 9026 9347 3865 2389 7430 4061 9389 3046 4517 3402 1457 5490 8622
88 5812 4138 5334 1776 7440 2651 3566 8657 4273 1681 637 7706 8500 8176 4795 5044 3997 3772 3533 7499 5157 6923 936 5219 609 9159 7700 3491 3239 7876 7037 2150 5133 5246 10 5055 961 2641 6133 2003 5004 5673 4770 376 8481 2721 3042 3266 6761 5815 3411 9379 2399 1497 4826 1408 7773 1587 218 12 7523 4497 4233 4797 1794 6808 3044 6566 2838 7764 8130 2194 2880 6747 6141 9759 8224 4755 654 1869 6708 208 1146 6681 3948 9648 2229 5935
86 4499 8341 7938 7024 9066 5451 1644 5371 3806 6333 7171 7576 1347 2805 8144 8259 7988 7566 6900 9803 2790 2652 581 545 2073 3382 1851 5351 3011 8667 2270 3193 7155 2834 9049 766 3529 7240 5175 8900 2965 1447 3366 5252 9521 4094 9826 372 919 3828 3085 7364 828 1357 8859 6546 104 7953 7331 9357 9752 1050 4719 5970 9145 5353 6316 2470 4381 3103 3034 7743 1148 2067 741 8812 6853 6472 9047 3133 5899 5149 5884 5613 442 2016
77 2501 5204 3461 7860 2480 6191 1967 793 6457 3311 2155 1601 6582 4906 9391 2636 4370 2447 5296 1066 7732 2550 7970 4398 2456 6686 737 9740 1392 6896 1694 5472 4799 537 2911 9071 5650 1629 3830 8521 78 390 4495 6426 5609 1468 514 5256 7450 7222 7365 5716 1445 5270 2579 6160 2546 976 2630 8763 5525 5738 2725 8151 1678 4487 9991 1920 5782 6128 9817 482 8923 9687 3630 3652 2375
95 7287 9481 8150 3428 8465 6991 8482 8395 3678 2221 9182 8141 5560 1322 5488 6313 2382 8891 9184 5022 6348 8168 1541 3741 3896 4760 3226 1899 7601 2590 1509 5908 9647 3209 4582 265 471 5034 9543 3895 8293 290 475 2233 4814 5573 5859 8568 3513 2583 3308 6760 5186 7011 8988 3352 5102 2850 2760 9135 6965 1264 5741 5960 8591 8412 656 7593 5127 1527 6880 9132 8254 1211 4151 3127 1833 4114 69 8283 8792 9022 2395 686 5287 3335 9590 8312 329 6414 9234 6413 6372 2645 2364
97 7903 3281 5996 9304 4579 6323 4546 4427 3598 1839 7750 7206 1427 68 4586 172 3961 9905 1878 3700 2069 1383 2814 5479 8899 3835 7269 4360 7484 6528 3644 9027 2741 2637 3049 1726 3952 3604 7475 8375 7069 3689 2445 8149 4463 6938 7245 6117 8161 8381 3262 6864 6285 7118 6988 6563 6064 8270 9441 5308 6286 9768 7431 7224 1199 3394 6790 2568 4808 6766 6275 1186 4555 3659 7377 1709 1914 2832 8510 9569 6595 6661 5051 8461 6376 4454 7574 4698 2240 709 2099 7936 5421 1662 6621 5029 7667
105 320 9431 4999 3348 2427 1349 4472 6544 9308 8658 439 5925 2793 5229 9266 1241 7053 6765 2142 9173 9892 2656 9482 1731 5478 6003 4174 5790 4557 8124 1656 4385 1951 7063 1697 6227 4564 3834 7902 982 8637 7751 9502 4425 5312 2256 9228 1778 8688 7291 4895 705 8339 7408 9977 6998 7727 5603 6924 5852 8040 4362 6193 6836 531 8623 5064 5758 6592 7300 4218 6417 3154 6854 928 8088 267 9757 1906 2019 4714 2942 62 1616 5043 1932 777 6192 4344 1145 3907 2134 3569 2804 9042 8786 8766 3724 8682 2747 6716 1501 6358 1499 7345
90 6677 6971 6584 5891 9523 3134 4708 8566 9561 5273 58 3098 9666 8877 9232 5495 4682 6762 4569 9790 7230 6925 6120 1072 588 1355 910 9836 550 5922 2681 1258 6516 8155 1222 8134 3932 6378 7201 9392 3267 5172 9580 1166 7580 9806 4650 300 1441 7168 1429 4260 4378 1500 9279 8828 2678 715 4605 3365 3649 4445 5198 2647 3714 1245 9717 6121 774 787 9967 2359 2011 8925 2106 3404 2639 2788 8578 2614 8402 8689 1085 8933 808 7492 7279 5889 7516 5391
79 2582 7644 7161 4257 2518 6513 9227 8050 3986 1558 9979 7804 9488 7964 2411 327 1370 3840 1934 6705 3184 6509 1088 3347 7126 3500 7447 9600 7446 4194 9780 2990 2119 4690 5387 9973 2972 1090 8429 1515 4672 6893 2048 5961 631 1227 2492 534 1249 7165 1010 3050 8077 2849 3203 3522 7258 6704 983 2591 6748 7623 4146 6025 4577 6200 427 743 2727 5028 4038 4910 5734 4251 8593 9149 1350 5907 9749
101 5037 9074 7098 6536 3770 4706 9897 1594 1593 444 3940 9464 4185 6359 5919 7395 7569 856 8192 4441 4470 93 8282 4914 687 1498 2469 1725 7286 4406 4534 4414 2089 8604 4654 3249 8123 3667 4086 246 7813 1581 3132 2169 6856 334 1966 4004 5776 5879 5293 6532 613 8203 5743 7448 6721 1318 663 48 6473 2555 7974 2983 8281 443 9454 3375 5630 8729 7108 395 4332 991 1390 9439 7167 3647 778 3850 5814 9873 6444 2704 8730 7968 6935 7802 3391 8336 4973 254 4494 726 1047 4787 7314 6670 9746 2424 8353
94 9697 8285 7052 1586 8991 4675 8186 3662 8501 8045 8116 8483 8394 4946 3588 6276 5054 1049 3309 5868 2958 9818 339 1861 9069 2080 7699 2890 9263 2796 2553 7985 606 2358 2466 3313 8718 2554 7251 489 2515 7613 6921 326 6947 9307 3620 4819 8752 6344 519 9792 9068 522 9255 5604 5221 8112 5496 6922 8115 2504 6297 7116 6525 3000 2458 4226 9467 7785 9365 6793 8189 3063 3055 9061 9599 7396 8221 1988 1459 7717 2260 7455 6523 9262 756 4711 7115 2037 1667 3160 5468 6870
76 3081 8851 6640 8286 148 1747 7626 5171 3600 8131 1005 889 8231 7597 2916 3503 6462 5781 9698 5439 3152 2571 4977 4181 9493 2035 884 3178 9747 6835 8460 1625 8747 196 7954 9017 3129 6379 6569 7389 4248 3556 7579 3794 9461 7694 248 85 2499 9386 6695 2683 1953 4063 7401 5729 9716 3677 3908 6040 9646 1516 4511 6668 1853 2759 4264 4278 3113 2020 9496 4277 2876 7097 3108 2166
109 474 8661 4158 9412 882 559 7795 9682 6689 9537 7507 8080 7736 5159 5240 7980 8628 6201 6539 8700 7413 160 3612 2848 8680 2252 7817 9677 4243 6535 8656 7812 1048 8098 8244 1416 647 6979 9501 9086 1693 7811 909 8586 1630 7307 454 4966 4290 4820 6671 7367 5345 7709 1754 3682 8810 8153 6735 6725 840 6402 5518 4238 6096 9519 5986 6104 6913 1666 6289 5840 6260 5165 4448 7771 5798 3554 8684 6442 9912 1619 8230 3019 1217 6036 9819 6342 5074 662 4889 6213 1238 4285 4428 9985 7417 362 3298 8678 5369 5575 9312 3004 1233 2147 2403 4717 7723
103 310 4774 2739 3200 6270 9625 5735 6363 5755 9764 5464 3912 8001 2120 287 9868 6229 4954 7535 6706 3540 8094 9956 8997 2332 9079 5231 5994 3435 7753 5909 1964 3482 5576 9503 2915 1133 5532 9320 7693 1142 5105 1138 3553 703 1132 4173 75 1302 831 8687 303 3774 5194 1981 2392 9317 3242 5156 4871 5628 65 8755 1801 6722 6290 920 3888 5106 8453 9968 2968 763 5290 3380 1665 1036 1841 7353 8640 6537 318 3823 1843 4740 5067 3045 6741 9283 7768 5669 9410 3548 7704 8344 6723 9428 8177 3767 2195 6408 9267 8068
95 5367 250 8073 2227 3660 3396 1903 2716 2653 9122 5206 942 4578 6757 5213 1919 4474 879 331 9684 6750 4536 7517 6319 9369 3694 9928 9077 9141 5333 661 7221 5844 3628 2718 1182 5592 6179 9081 9732 1719 9700 551 9008 5340 6507 251 7135 5501 441 2086 2897 1358 1944 2441 6674 2938 6628 9101 3768 6556 4315 9626 901 7687 4738 6240 698 7472 3413 1580 712 7775 7200 3438 4033 5182 4397 9332 6189 9361 405 3506 1038 6073 8101 6293 6817 7716 4192 5534 4732 9865 79 5419
90 451 9609 1532 3640 4288 6377 2298 7774 9881 1273 6759 7400 2756 9846 5140 350 6101 1704 4877 3477 8081 7234 1916 6053 5771 7829 2216 632 7062 1738 5598 4996 5526 7150 6369 6001 1733 6291 783 1729 5065 6035 6320 8620 4148 5984 2547 4964 6038 8054 6037 2750 361 8624 5886 9096 7991 4339 6471 7660 3525 9476 1474 7960 2861 651 6230 6269 642 3091 2060 1179 659 7940 8136 7688 8044 6867 3968 7208 888 9483 212 9833 4570 8978 3703 5262 7546 3624
86 5806 9190 9065 4187 5383 5475 8850 9035 8937 1458 1228 6300 7862 4681 9922 9867 476 1971 3421 7390 2340 1157 9036 8830 134 5306 4434 5166 2263 8015 5614 7046 447 8804 7972 5893 9542 2974 4533 6650 8360 5486 4687 2022 7469 7899 2127 6113 3246 8169 6273 959 9157 5191 5076 6400 1178 7199 4298 8423 5448 3431 4642 1203 8564 4231 9994 7530 8179 5956 8299 6803 5730 397 3416 3943 1716 4468 6368 3992 5124 90 8496 2593 7930 8346
89 4560 3026 6335 2283 8119 1160 2711 3168 8226 1546 3196 3243 6114 5190 5793 6009 1291 923 4986 576 2632 5203 2947 1229 2495 5851 4771 8894 314 6477 6006 1454 4483 4325 2634 8653 1842 7879 7745 6746 1772 2569 5395 7581 9870 1567 2664 3875 7083 4575 6296 1954 8560 2517 8914 1042 7078 4526 6134 6132 2565 8451 994 3650 2606 4212 3460 4349 8306 6051 6572 8475 1275 6122 35 2841 7877 7777 6178 9031 645 3965 7350 4293 9938 4565 9333 8982 5096
89 5164 1864 2869 1039 1336 8338 3941 7547 9526 2281 3064 3856 5681 9059 4076 6033 807 2220 6197 5360 748 9425 2627 9643 5719 2777 635 5737 6393 3883 5920 128 3062 3998 8861 6729 2053 1566 2365 5338 7457 9004 4811 2979 4631 1136 7144 1058 1641 4976 1868 5415 6701 1461 1344 6951 7617 6620 7955 6334 4830 6601 5335 8543 2085 5652 5460 3167 4367 4792 7487 9594 8311 9084 1829 3332 1180 6692 3361 9624 8059 2611 9373 8602 5584 9148 7552 6758 9649
88 6612 2797 5130 2049 1116 236 4528 704 2566 6839 7026 8051 4203 736 1969 5582 3842 1635 4466 3701 2700 9139 8372 2657 9899 9251 9192 3788 4603 552 5665 1113 20 6966 9178 9714 8938 2464 8264 6341 5715 2486 804 7093 9155 2827 1637 5971 2940 9722 6015 1660 3429 7806 9777 666 4329 2661 565 423 7737 6182 4704 7101 1505 2820 1535 1327 5283 5057 2314 3139 5123 7383 6861 3273 1555 3012 8579 5538 8437 4027 9119 3146 821 8494 1770 969
99 5957 4772 6303 8574 871 7910 4230 6225 2363 6711 7928 4256 6756 6095 7934 9674 5050 5021 4793 841 9100 9238 8992 1562 7317 242 7647 7881 1489 3880 1572 7119 2087 682 5125 7966 8167 1244 6956 1121 8416 9087 3776 4806 9011 5857 9504 8274 854 7020 4200 8802 6090 1469 8248 1382 8673 4102 7631 6410 4527 6728 9432 1479 6387 8326 7967 9550 5223 5048 7855 5148 8817 392 2380 4358 177 3508 5619 8562 6944 2414 7436 4239 9185 9163 8524 7603 1316 9497 3437 5972 3817 3881 3229 3606 7984 1669 7348
105 1448 7351 4128 9555 7941 95 558 6455 7082 5718 2254 3550 7501 2236 3864 1317 9172 8170 4668 4147 4558 8935 5145 9795 5789 2752 3075 7956 4701 8823 2875 5505 7863 1334 4944 5000 8258 1197 5749 52 3496 6930 3918 1422 7301 1014 8393 4085 2207 6641 5440 5275 2201 9997 308 9367 3524 3535 7226 3520 485 2261 1852 4053 4307 8736 8959 2809 4395 3836 5443 19 2294 2959 1333 9248 2884 6645 2257 5352 3043 2040 8539 1730 9445 3280 9639 9562 3283 9417 7908 391 5980 1779 5494 981 1240 9230 3866 9328 3008 3736 7081 5693 3995
89 4786 9851 4065 1202 7759 8866 5997 5733 9679 9345 7212 6775 2766 4863 7372 5249 6445 1902 3047 622 328 8789 6405 6023 5810 185 4440 5539 6782 6895 1605 4686 8318 9644 7509 1583 2836 9595 9533 7441 6489 2803 2650 4872 3729 6385 2985 8043 7068 9199 1117 4376 1907 2854 8419 131 7739 4409 2936 2387 7837 5680 2122 5883 2096 9064 4276 9466 7465 8041 5298 2366 8525 404 6222 9955 1758 7627 3626 9772 8352 5951 3853 8675 9579 7016 1376 5624 3763
82 6717 1860 2526 699 7947 6784 6308 3360 4350 6600 2052 5615 7164 2757 6955 1876 9631 3083 4220 49 8977 3016 8315 6254 3490 7066 7041 9753 9038 5177 1008 1452 5818 6283 2851 7148 5876 3084 6234 3052 2705 9054 9083 7452 5205 7192 8918 6859 4782 6776 2536 5862 9850 8621 1315 1607 5212 5864 6231 673 972 8278 3073 2771 1153 3754 7014 3541 6475 1549 7181 996 8943 2191 138 9452 6811 521 2813 8222 6464 4380
98 2563 8582 3925 1169 4882 3511 1118 5550 4640 1599 9336 4115 3082 9355 3010 9253 5284 3253 5447 3565 9274 2580 8944 9070 6934 6048 3934 658 9236 3379 4939 4078 6521 5006 5697 740 2863 5183 8835 8758 1613 1845 5052 6331 2397 6185 3613 7600 4394 8973 3884 6186 4847 6860 2594 3190 5754 4269 4408 7589 896 293 7942 3270 8474 1097 5831 8037 3718 2124 1204 466 9429 9683 1506 6351 5265 3484 878 6639 9393 7458 7087 6829 6910 2852 4052 6217 3282 31 9820 9231 8585 3502 2091 8380 883 2538
91 8727 4131 4639 8214 3417 9577 9300 5126 6916 6166 1915 156 6543 7869 3079 6842 6451 2400 1502 3401 3157 8240 167 5248 9513 633 1508 258 8452 9193 4179 9978 1668 8349 5640 358 1046 7211 6235 2616 643 452 2384 4279 3848 1775 4677 3327 751 2770 1434 3426 5462 1002 5974 4702 8632 3894 2686 311 8413 9629 3742 7913 81 3166 9840 2237 5519 3927 8909 3900 2523 3256 601 1338 2755 5888 2908 4488 5784 4261 2981 1922 2754 1391 2209 9603 9947 3378 5245
110 5649 8139 8852 4321 1973 2465 7004 2117 4012 3705 7912 8185 6560 5713 6960 8385 2284 1888 9779 535 9718 7542 1209 5940 2581 3197 5128 6371 1093 7801 1557 8016 1982 685 9838 8875 8565 5583 3252 8458 1706 3053 5300 7744 3383 8783 8019 82 1435 7153 1467 8407 1417 4700 5036 6383 9571 7665 2064 8666 616 5402 5015 6143 6631 5622 914 3731 7210 346 5258 2131 1313 8158 1584 8513 753 2479 2541 9730 2993 2726 1703 6975 6731 3165 2769 1071 1984 2798 4613 1126 2697 5983 3852 5608 8509 6534 4245 9370 2520 1564 9778 9416 1760 4955 6280 652 5566 153
89 6594 9934 4767 4456 4752 5230 3972 6248 722 5432 7482 9970 2285 50 6228 2532 1399 1523 9670 8941 2225 9073 3976 3841 9745 9189 926 9433 6079 9250 4384 8961 4952 1054 2585 8671 3683 7480 657 6888 3811 219 6917 757 6093 5470 5446 3467 3584 9945 3720 5426 2715 7757 987 9760 6232 8995 3539 5551 2666 7156 7102 7238 3161 4045 8929 8307 209 9961 6837 2710 600 3560 4140 6529 7428 9613 7274 8958 8853 17 3029 6800 4467 5336 1771 4979 8831
86 7035 5187 3374 3089 6693 8708 1929 7678 1173 8329 7293 1673 5233 6112 1768 1363 4813 4411 5542 7857 9224 6105 2527 6431 109 9743 7599 5797 3274 5179 231 249 8029 1836 67 7973 8983 2604 5467 9686 4326 9954 1495 2847 2982 8972 4116 6066 3414 7767 431 2667 1337 8470 7176 4722 9154 256 7828 2215 1533 7498 2128 4928 1526 4994 1609 6797 2984 3771 2510 1394 2948 5820 7099 3163 8797 2934 1742 1057 3762 3680 6685 385 3782 8609
92 7503 5063 8209 9444 6052 1895 2369 9664 7403 6458 7123 2026 3216 1095 215 2108 593 8993 8046 3247 2224 8608 8302 6593 1687 2857 7366 8942 6948 8265 3442 7846 6675 8833 1685 4453 4516 5655 9615 2503 8784 1955 9402 5829 9710 3915 9041 9030 8822 8757 9791 2910 3326 1621 6328 5529 73 6277 6162 7607 8076 8739 9039 1808 4742 4083 170 9628 6223 9992 2077 3334 5135 5330 7453 8249 357 2709 8256 2018 970 7735 1223 5978 8503 668 7689 5232 9960 3285 6282 6517
112 692 8175 5873 8245 7337 2493 3595 1561 7653 4922 2646 9786 3862 1125 6043 3696 7918 1956 8820 6292 8595 4615 7789 8152 8433 9529 8468 8717 8049 2374 186 6627 5328 5090 6772 3603 2046 2891 9601 6366 629 9843 1491 8390 2047 2032 8271 7435 2412 1935 5811 7957 1341 1529 5350 518 1105 3654 9220 7697 7754 979 8343 3571 7726 4627 1354 2029 192 7849 9712 9611 5247 8603 9495 4547 5499 6561 9284 4972 3816 9524 4443 4498 8576 9063 4918 1938 9699 4707 8310 6734 1230 6573 721 732 3886 8780 9297 4155 380 2251 7887 6089 7919 9884 8450 4401 7728 8580 3037 8148
95 2533 9675 5954 5817 9299 6461 4098 2970 5616 9029 7692 4227 3121 6401 7462 3599 4015 345 2933 6109 3692 5288 8200 6274 669 3333 9755 8160 5832 8890 6465 3818 6751 8556 295 957 7409 9089 6613 7927 3194 5521 2654 1858 5967 288 4835 4985 532 2773 9980 5142 9860 9395 7611 6801 8202 5936 8601 6831 7319 568 228 4531 4745 3509 5750 5709 1518 2333 4522 2514 8652 8467 9310 4876 5938 6443 8558 5943 4334 2881 8815 3466 7110 9866 3734 8753 1945 4317 1299 1715 4129 1084 4224
95 4609 1832 7615 8743 7074 301 1554 7012 4433 4891 2137 4998 670 9186 7522 702 8298 4135 3440 9117 5704 5344 4548 2111 5112 8313 8263 5629 9993 6655 1077 1828 1846 5717 3745 9419 1989 3095 5331 1472 2496 506 120 8584 5480 5799 4641 4044 6570 2449 3024 2267 6950 3783 6170 7225 2307 6530 3331 5913 5780 1023 5633 8659 9144 5724 4259 4010 8863 5931 8301 3007 2045 9951 6027 1237 125 7993 143 9208 4892 9604 9565 3970 3341 3946 907 2423 5894 5917 7248 9169 7788 1437 5731
102 7619 7698 1688 769 6047 150 7850 3088 4971 9560 1034 4960 7944 1069 6564 9801 3314 2888 3182 458 2023 8801 5712 8519 5459 1728 8362 921 8832 5162 7189 4386 1172 8079 5193 4651 866 9256 3629 8869 2720 8297 9411 5134 7883 4476 7725 1360 5407 8011 5941 7677 6055 8348 3977 9596 1965 4110 5227 5772 6646 880 9374 6994 1676 3096 2997 6384 3342 2957 8864 8197 8435 468 5420 6616 305 6834 9418 9414 6299 8643 1999 2558 2093 6318 363 716 924 1739 3092 2125 837 7191 4280 8714 7152 8104 5981 6954 3890 3258
101 2036 7114 4695 1979 1957 4001 7183 9384 6487 2490 3427 2631 8908 2348 4077 9131 6207 2672 6753 5903 9661 5993 2962 1825 3234 121 8862 6730 7404 9969 3872 7295 1110 9094 9033 8570 4890 7072 3984 8345 2918 2 8697 8577 6294 5493 4980 2050 9773 446 6427 4509 9668 5918 6482 3248 4436 5492 6578 7109 5434 1639 5216 5648 1658 2306 2694 7864 3546 6510 8262 7467 5082 6812 5482 7724 7197 6002 3707 8839 949 8795 9872 6346 868 4576 8741 9484 6932 5830 9006 8033 4619 589 3101 455 4543 8690 4720 4450 113
104 5606 3114 9060 8740 6059 6684 8654 8928 9813 3447 4228 7218 3142 3847 6446 3177 5834 7810 2963 4058 9612 313 1809 5158 6241 8887 1569 8531 8463 2753 8181 9388 8808 4917 8260 6395 7228 5318 6665 2185 5469 7281 5398 9032 1487 3455 2551 3602 562 5969 260 4446 9323 4816 7239 9111 4213 795 6733 9160 4596 3453 6739 6783 8765 791 597 8331 6703 3585 5835 4661 7924 6060 9205 3760 70 8536 4016 8845 348 2955 9174 7477 9705 6807 7790 9901 1976 5779 8876 9500 1325 3990 1744 6239 1847 408 7975 1514 4904 4989 4105 1189
85 9003 7895 7959 3725 6370 5545 8137 8491 1194 6906 3223 4062 6180 8913 3684 6969 7265 2436 3250 3070 9202 1908 5647 7059 5769 8800 7762 1767 2408 6315 3582 9113 8142 8662 1193 8605 8681 7622 3820 5901 6959 842 8284 1003 8779 9724 8234 3028 6858 3812 8196 2167 9808 6467 1563 4452 962 6022 436 3721 1478 7000 9942 3487 5359 1761 1130 3634 8551 5757 1352 9936 1101 819 6151 194 3887 53 8473 5777 3858 3796 1799 1968 8979
80 4673 4815 1804 5705 8905 5282 5200 5297 3106 5636 8323 727 8592 6607 2643 3479 7710 1030 8976 1081 3372 9893 4855 4588 6167 4733 6212 2039 5418 1366 8479 9946 2338 6590 8616 8542 8731 1091 7583 2140 8071 5843 6028 7885 2730 9052 2206 8922 9204 1076 419 9019 9541 8627 4590 5607 3041 2421 1568 3180 2545 3276 8878 3237 5238 4013 8897 2530 1266 4156 9196 4040 7272 3033 4493 6976 8194 8165 271 4383
106 2193 1082 4759 4082 4399 26 2094 483 9116 174 4737 3931 1094 6652 6424 6068 4832 6155 9552 2758 2276 7089 8047 966 5150 9509 2787 9582 7711 9811 7177 6337 289 6972 5531 9900 9291 3906 6490 3947 387 8005 4215 5115 3639 5955 6486 9181 7172 9581 1939 4712 4580 4225 5066 3390 1040 5129 6478 5714 4207 7111 6399 418 9034 3336 9010 4136 6943 7473 1183 4107 7188 2139 2640 8411 772 3819 7610 4361 2461 2121 9106 3704 6389 4766 1225 8969 5846 8354 2076 9465 8901 5837 9558 1231 4905 6258 9048 2505 3876 9313 264 4296 6873 6024
109 2922 5347 7791 6779 5638 988 7734 7833 2043 8052 137 7950 2027 2177 931 733 2927 9638 4475 6215 1802 4247 6253 7778 9463 4322 5280 7247 7679 7009 118 2435 2613 9805 162 5152 3504 3758 9380 2896 5841 359 1737 4621 8663 2676 9763 2305 9627 3018 8962 6915 8022 4962 8305 5342 1362 3149 449 2712 283 5040 479 2058 3879 9212 2589 3462 351 6511 9245 9302 9147 9129 9329 4539 5752 7531 8332 2379 3939 2780 9635 9453 9958 5824 3232 3499 352 1367 8335 788 6565 1436 4092 5688 2044 2390 1378 3801 2156 1783 2291 5708 1477 8347 8774 9965 8704
101 2801 2689 9309 3147 3162 5358 2677 433 4462 2247 8334 2945 365 8837 9007 2512 7136 4037 7334 2217 4873 3829 6587 5078 7633 5362 3343 9548 7460 5181 5437 1727 2491 2074 7374 8805 5600 5555 440 6252 8572 5377 4856 3688 7784 8867 1177 5431 7798 7922 9592 2488 9097 9409 3698 6278 6237 3173 4042 3956 2906 8883 6049 857 2842 3723 9269 3793 116 5660 4039 7459 3294 6623 8074 378 5389 4916 7719 1143 1826 3071 2223 4950 8517 2975 6714 4204 5952 191 8255 9935 8529 5698 5728 8145 179 1464 2926 6221 8984
91 644 7891 4834 9765 5934 2921 4652 6660 8676 508 7826 3474 8083 2001 6786 3156 4585 5422 899 140 3784 925 7233 3199 1525 6403 6343 3857 7529 1608 7937 3145 7506 930 3151 5965 6914 2969 2214 6577 9859 829 2280 6920 4864 5023 1440 6718 1431 507 5783 525 691 7844 3408 4447 1722 6357 6081 816 2688 7543 4426 6644 1372 3141 4883 7105 681 3320 6145 946 1062 8898 3813 9457 9447 30 4265 1720 8300 5263 8954 9849 5962 1585 1456 3964 9271 3824 765
87 6649 3102 5512 147 3860 3038 1092 6941 9446 3747 473 2354 9642 1575 4272 9589 7553 4126 9693 6940 9080 2163 5998 7424 5937 200 8030 8253 2776 5030 4611 1949 5870 4524 1473 5946 4831 760 6409 8674 4773 9726 55 5871 2070 940 9636 470 3325 2024 6982 8404 6719 9835 335 4229 5104 1421 3822 8024 9959 5038 2198 7893 1711 2929 4617 5849 3204 1659 7488 2269 8712 4721 2822 7262 6309 2368 3804 1565 2339 6538 4064 325 4284 6531 459
112 591 8355 5795 5033 5921 5138 3218 3699 1252 2329 8078 9869 4301 9437 2054 7740 9359 8227 1488 9737 6990 731 4150 5556 8921 245 2597 201 2433 7397 6476 7978 2481 1831 399 8686 3752 6968 5211 3304 1815 2807 7659 4167 1684 4017 6094 971 1480 7010 8459 5947 3928 8147 3971 5075 742 5097 7354 7382 7065 2429 8528 6008 6432 8793 6804 3726 8159 627 217 6508 4396 437 4697 9067 8440 8392 5541 4353 3679 9756 9280 7799 8183 3923 5767 5651 1210 5663 142 1102 7996 4540 3523 9156 9272 8701 6030 5906 9669 8550 187 9633 7595 6288 3657 3124 2623 2012 8645 9092
102 2648 5220 2935 2095 6810 1674 1545 1293 6463 7360 6558 3117 91 640 7051 7766 8934 6540 5365 4532 5632 9337 2241 3261 2540 7100 16 4316 2663 6798 5807 2286 8247 7282 9240 4734 3448 4658 3645 4249 1741 939 3483 7805 2041 7690 3198 2316 2691 4743 7236 2013 8010 1710 8266 6256 7007 6899 4571 6430 8889 4294 9748 9583 4507 2498 586 2346 4612 624 5706 7284 575 1060 3983 3006 465 6011 664 1451 1736 5302 8387 6773 2078 7701 7423 1483 4356 4496 913 7630 5897 403 5208 4879 3424 2002 3989 9847 6072 6678
91 1840 8035 9413 1067 2610 2602 6898 6987 1970 1786 2914 188 7962 5581 8541 3800 4801 9187 6386 9225 1175 7847 4416 9632 4019 4785 4881 3564 4626 1475 822 7545 2511 7809 4410 4602 9829 276 2136 6249 6855 5195 6827 5670 4372 8103 1889 411 5277 3593 5623 8670 4784 9989 8383 8327 5836 8764 9490 7220 9043 9040 89 990 6519 4821 6830 4291 7185 5445 6492 9681 6985 524 6485 2081 330 6777 9983 1426 9024 7019 5589 7932 8358 546 2826 5001 3363 1151 5380
101 8373 1848 4124 8296 3655 8067 2719 3206 6654 183 7705 6103 7664 6484 578 4991 7077 3259 285 8456 3727 7106 3056 5080 9258 7444 8547 9242 8694 4377 4674 8544 9721 6412 1883 6767 6580 6495 5646 4777 4143 3531 9797 1511 3031 1991 3213 3849 8626 9546 8038 4984 8826 3568 7280 2410 4178 1481 1749 3116 6589 5307 5910 2109 1181 7901 9886 762 9294 1983 4144 3544 2549 7537 8359 9138 2978 1590 8996 2092 9996 7268 5363 8548 7311 4594 9804 2362 1031 8408 6135 7305 9200 847 5506 2764 7894 1579 2886 6690 1300
86 5088 9953 4850 4968 8746 6664 2856 8020 4842 9719 4430 7990 4614 2893 1283 4473 5658 8636 5547 7951 5236 968 8895 8368 8650 8807 4997 5677 7157 6057 1274 4768 3251 2998 6497 3837 5061 6 7086 4878 354 7604 5003 3183 6629 4154 6116 3395 7554 5463 8032 4861 6545 4424 4993 1015 4222 4937 4900 7782 610 2228 5428 1043 5049 6108 199 2330 6658 4967 9195 6911 425 3505 6466 6199 526 7796 4660 9941 410 8163 9943 8237 364 5032
87 1817 8655 7443 2017 4764 2303 7182 7124 2859 5595 9655 2203 4202 6843 1683 2145 8818 6967 2599 6456 6522 9471 1288 6390 6187 4669 3025 2996 7708 1287 6857 1438 6287 738 6568 9276 4959 8232 6311 9673 2964 5155 7104 2626 7539 1998 6361 2587 1692 3297 7915 1618 7770 9055 5644 4403 3632 3469 9237 2162 7979 5944 3581 8366 9547 967 7270 5091 9667 2658 3994 1835 1306 5435 1544 7252 8075 8374 3719 4556 1185 6961 3027 6084 7825 3315 3753
